[all]
items=2
[item1]
param=100,1,1,1,0,5,1
txtext1=10,-60,0,0,1,1616,1,0,2,0,0,1,00000000,0,1,100,1,Text1,0,0,0,0,0,0
txtext1=10,-60,0,0,1,1616,1,2,2,0,0,1,00000000,0,1,100,1,Text6,0,0,0,0,0,0
txtext1=10,-60,0,0,1,1616,1,1,2,0,0,1,00000000,0,1,100,1,Time1,0,0,0,0,0,0

txtext2=10,-30,0,0,1,1616,1,0,2,0,0,1,00000000,0,1,100,1,Text2,0,0,0,0,0,0
txtext2=10,-30,0,0,1,1616,1,2,2,0,0,1,00000000,0,1,100,1,Text7,0,0,0,0,0,0
txtext2=10,-30,0,0,1,1616,1,1,2,0,0,1,00000000,0,1,100,1,Time2,0,0,0,0,0,0

txtext3=10,30,0,0,1,1616,1,0,2,0,0,1,00000000,0,1,100,1,Text3,0,0,0,0,0,0
txtext3=10,30,0,0,1,1616,1,2,2,0,0,1,00000000,0,1,100,1,Text8,0,0,0,0,0,0
txtext3=10,30,0,0,1,1616,1,1,2,0,0,1,00000000,0,1,100,1,Time3,0,0,0,0,0,0

txtext4=10,60,0,0,1,1616,1,0,2,0,0,1,00000000,0,1,100,1,Text4,0,0,0,0,0,0
txtext4=10,60,0,0,1,1616,1,2,2,0,0,1,00000000,0,1,100,1,Text9,0,0,0,0,0,0
txtext4=10,60,0,0,1,1616,1,1,2,0,0,1,00000000,0,1,100,1,Time4,0,0,0,0,0,0

txtext5=10,160,0,0,1,1616,1,0,2,0,0,1,00000000,0,1,100,1,Text5,0,0,0,0,0,0
txtext5=10,160,0,0,1,1616,1,2,2,0,0,1,00000000,0,1,100,1,Text10,0,0,0,0,0,0
txtext5=10,160,0,0,1,1616,1,1,2,0,0,1,00000000,0,1,100,1,Time5,0,0,0,0,0,0
[item2]
param=100,1,1,1,0,5,1
txtext1=10,-60,0,0,1,1616,1,0,2,0,0,1,00000000,0,1,100,1,Hello,0,0,0,0,0,0
